time
0.21
0.04
0.03
0.03
0.03
0.03
0.03
0.27
0.09
0.09
0.04
0.03
0.03
0.03
0.03
0.62
0.08
0.03
0.03
0.32
0.18
0.03
0.03
0.11
0.03
0.03
0.03
0.16
0.08
0.03
0.03
0.21
0.59
0.03
0.26
0.03
0.03
0.21
0.03
0.03
0.12
0.03
1.03
0.09
0.10
0.15
0.15
0.09
0.03
0.03
0.16
0.04
0.15
0.03
0.03
0.03
0.03
0.03
0.03
0.37
0.04
0.09
0.03
0.03
0.21
0.22
0.04
0.03
0.03
0.48
0.04
0.23
0.03
0.13
0.03
0.08
0.57
0.05
0.11
0.03
0.21
0.03
0.08
0.03
0.04
0.13
0.38
0.03
0.03
0.03
0.03
0.03
0.03
0.05
0.03
0.08
0.04
0.03
0.03
0.17
0.04
0.03
0.03
0.04
0.59
0.03
0.31
0.08
0.21
0.02
0.08
0.03
0.13
0.08
0.03
0.18
0.03
0.03
0.03
0.03
0.03
0.03
0.11
0.07
0.03
0.21
0.08
0.03
0.08
0.03
0.12
0.08
0.04
0.03
0.03
0.03
0.03
0.03
0.03
0.12
0.08
0.17
0.26
0.04
0.03
0.22
0.08
0.22
0.03
0.03
0.26
0.08
0.03
0.03
0.09
0.09
0.03
0.54
0.04
0.03
0.08
0.25
0.20
0.22
0.08
0.03
0.03
0.03
0.03
0.03
0.04
0.08
0.04
0.03
0.03
0.03
0.03
0.27
0.03
0.08
0.08
0.22
0.12
0.03
0.03
0.03
0.03
0.22
0.13
0.03
0.03
0.03
0.03
0.04
0.04
0.04
0.13
0.03
0.09
0.03
0.04
0.03
0.09
0.03
0.03
0.03
0.03
0.03
0.39
0.03
0.03
0.03
0.40
0.18
0.23
0.03
0.03
0.10
0.03
0.03
0.03
0.03
0.03
0.04
0.03
0.03
0.14
0.03
0.03
0.08
0.03
0.03
0.03
0.08
0.03
0.03
0.03
0.04
0.15
0.09
0.04
0.10
0.05
0.04
0.05
0.04
0.04
0.18
0.10
0.03
0.33
0.03
0.04
0.21
0.17
0.03
0.23
0.08
0.14
0.03
0.03
0.03
0.16
0.17
0.03
0.21
0.38
0.03
0.03
0.03
0.04
0.09
0.03
0.03
0.03
0.26
0.04
0.03
0.03
0.03
0.03
0.03
0.15
0.22
0.19
0.04
0.28
0.03
0.03
0.03
0.03
0.03
0.04
0.03
0.03
0.03
0.08
0.04
0.12
0.53
0.04
0.03
0.13
0.10
0.03
0.03
0.04
0.03
0.08
0.04
0.30
0.04
0.03
0.03
0.03
0.13
0.03
0.03
0.03
0.03
0.03
0.13
0.04
0.16
0.03
0.03
0.03
0.09
0.03
0.09
0.03
0.37
0.04
0.17
0.03
0.04
0.03
0.04
0.09
0.03
0.03
0.04
0.03
0.08
0.13
0.03
0.13
0.18
0.10
0.04
0.04
0.03
0.04
0.08
0.03
0.04
0.03
0.03
0.32
0.04
0.03
0.03
0.04
0.03
0.49
0.10
0.20
0.14
0.03
0.08
0.03
0.09
0.16
0.05
0.08
0.03
0.18
0.03
0.03
0.03
0.46
0.05
0.03
0.15
0.03
0.33
0.03
0.03
0.03
0.27
0.03
0.03
0.15
0.13
0.08
0.09
0.08
0.09
0.05
0.11
0.46
0.04
0.03
0.04
0.09
0.04
0.04
0.09
0.04
0.03
0.18
0.08
0.03
0.08
0.16
0.21
0.03
0.09
0.03
0.09
0.12
0.09
0.09
0.35
0.18
0.03
0.04
0.21
0.04
0.03
0.14
0.12
0.03
0.04
0.08
0.09
0.21
0.03
0.03
0.03
0.03
0.21
0.03
0.08
0.04
0.03
0.07
0.04
0.03
0.03
0.03
0.54
0.03
0.04
0.03
1.02
0.04
0.15
0.03
0.38
0.04
0.03
0.03
0.03
0.09
0.03
0.20
0.03
0.04
0.08
0.03
0.08
0.10
0.15
0.12
0.08
0.03
0.09
0.03
0.09
0.03
0.05
0.03
0.87
0.03
0.16
0.31
0.09
0.03
0.32
0.04
0.03
0.04
0.03
0.03
0.09
0.03
0.03
0.03
0.16
0.03
0.03
0.03
0.03
0.16
0.09
0.08
0.02
0.13
0.03
0.03
0.03
0.17
0.09
0.03
0.18
0.74
0.04
0.54
0.03
0.14
0.03
0.03
0.03
0.13
0.10
0.04
0.13
0.03
0.03
0.51
0.04
0.03
0.03
0.03
0.03
0.04
0.12
0.21
0.18
0.18
0.08
0.13
0.03
0.04
0.05
0.03
0.08
0.15
0.09
0.04
0.15
0.08
0.09
0.03
0.03
0.03
0.04
0.21
0.13
0.03
0.03
0.03
0.03
0.59
0.09
0.10
0.08
0.02
0.12
0.03
0.15
0.34
0.03
0.03
0.03
0.04
0.14
0.08
0.14
0.52
0.08
0.03
0.36
0.03
0.30
0.03
0.08
0.09
0.03
0.26
0.03
0.04
0.10
0.08
0.18
0.08
0.26
0.03
0.14
0.03
0.03
0.03
0.03
0.28
0.21
0.08
0.30
0.03
0.04
0.09
0.04
0.09
0.09
0.48
0.09
0.19
0.08
0.12
0.03
0.04
0.04
0.03
0.03
0.03
0.03
0.04
0.03
0.02
0.09
0.19
0.13
0.18
0.31
0.13
0.04
0.03
0.03
0.03
0.03
0.22
0.14
0.09
0.20
0.13
0.03
0.03
0.03
0.35
0.04
0.08
0.03
0.03
0.04
0.16
0.03
0.16
0.04
0.03
0.04
0.03
0.03
0.03
0.03
0.03
0.03
0.78
0.33
0.30
0.03
0.03
0.03
0.03
0.08
0.22
0.09
0.04
0.03
0.14
0.03
0.03
0.03
0.15
0.09
0.04
0.03
0.04
0.03
0.03
0.15
0.03
0.04
0.03
0.03
0.29
0.03
0.09
0.03
0.08
0.04
0.21
0.24
0.13
0.09
0.08
0.03
0.08
0.03
0.04
0.08
0.03
0.04
0.10
0.35
0.03
0.03
0.10
0.03
0.20
0.04
0.03
0.04
0.40
0.14
0.03
0.16
0.04
0.03
0.03
0.04
0.08
0.13
0.15
0.03
0.03
0.03
0.03
0.04
0.20
0.03
0.04
0.09
0.04
0.10
0.49
0.24
0.12
0.02
0.03
0.03
0.03
1.09
0.09
0.03
0.18
0.03
0.14
0.09
0.03
0.03
0.18
0.08
0.08
0.08
0.03
0.03
0.03
0.04
0.27
0.03
0.15
0.03
0.03
0.04
0.03
0.17
0.03
0.07
0.03
0.04
0.03
0.03
0.03
0.04
0.09
0.03
0.35
0.14
0.03
0.59
0.10
0.04
0.03
0.03
0.03
0.15
0.03
0.03
0.50
0.03
0.15
0.03
0.04
0.12
0.19
0.17
0.09
0.03
0.22
0.27
0.03
0.03
0.13
0.36
0.14
0.03
0.03
0.03
0.03
0.32
0.08
0.13
0.08
0.03
0.03
0.03
0.78
0.03
0.09
0.03
0.03
0.03
0.74
0.32
0.03
0.03
0.03
0.09
0.09
0.03
0.03
0.09
0.15
0.10
0.03
0.08
0.12
0.03
0.09
0.31
0.03
0.03
0.15
0.03
0.08
0.03
0.82
0.10
0.14
0.08
0.13
0.03
0.14
0.12
0.15
0.22
0.03
0.04
0.03
0.03
0.03
0.28
0.03
0.10
0.04
0.03
0.09
0.33
0.08
0.03
0.03
0.09
0.03
0.13
0.12
0.04
0.03
0.08
0.03
0.09
0.12
0.03
0.03
0.14
0.13
0.63
0.38
0.03
0.03
0.08
0.16
0.03
0.03
0.04
0.08
0.03
0.08
0.03
0.08
0.03
0.08
0.03
0.03
0.09
0.16
0.33
0.09
0.16
0.14
0.63
0.03
0.33
0.33
0.03
0.03
0.03
0.36
0.03
0.03
0.12
0.14
0.14
0.37
0.03
0.56
0.03
0.03
0.05
0.34
0.04
0.03
0.03
0.50
0.03
0.24
0.09
0.03
0.21
0.08
0.03
0.15
0.03
0.03
0.12
0.03
0.03
0.03
0.05
0.09
0.03
0.03
0.03
0.03
0.08
0.03
0.13
0.03
0.08
0.13
0.30
0.03
0.04
0.08
0.03
0.08
0.04
0.16
0.08
0.53
0.03
0.03
0.03
0.03
0.03
0.03
0.03
0.16
0.03
0.03
0.09
0.13
0.13
0.22
0.03
0.08
0.09
0.09
0.03
0.16
0.03
