time
0.21
0.04
0.03
0.04
0.03
0.03
0.04
0.25
0.08
0.09
0.04
0.04
0.03
0.03
0.03
0.52
0.08
0.04
0.04
0.31
0.17
0.04
0.03
0.10
0.04
0.04
0.03
0.13
0.08
0.03
0.04
0.16
0.54
0.04
0.20
0.04
0.03
0.16
0.04
0.04
0.12
0.04
0.82
0.08
0.08
0.12
0.12
0.09
0.04
0.03
0.13
0.05
0.12
0.03
0.04
0.03
0.03
0.04
0.03
0.29
0.04
0.10
0.03
0.04
0.20
0.21
0.05
0.02
0.03
0.38
0.04
0.22
0.04
0.12
0.03
0.08
0.42
0.04
0.08
0.03
0.16
0.03
0.08
0.04
0.04
0.13
0.36
0.03
0.04
0.04
0.03
0.04
0.04
0.05
0.03
0.08
0.05
0.03
0.03
0.16
0.04
0.04
0.03
0.04
0.54
0.04
0.29
0.08
0.16
0.02
0.09
0.03
0.12
0.08
0.04
0.15
0.04
0.03
0.03
0.05
0.03
0.04
0.09
0.08
0.03
0.21
0.07
0.04
0.07
0.03
0.12
0.08
0.04
0.03
0.03
0.03
0.04
0.04
0.03
0.12
0.08
0.17
0.21
0.04
0.03
0.22
0.08
0.22
0.03
0.04
0.20
0.08
0.03
0.03
0.08
0.10
0.04
0.42
0.04
0.04
0.08
0.20
0.16
0.18
0.08
0.04
0.03
0.03
0.03
0.04
0.04
0.08
0.04
0.03
0.04
0.03
0.04
0.21
0.02
0.08
0.08
0.22
0.12
0.04
0.03
0.03
0.04
0.21
0.12
0.04
0.03
0.04
0.03
0.04
0.04
0.04
0.13
0.04
0.08
0.03
0.04
0.04
0.09
0.04
0.03
0.03
0.03
0.03
0.30
0.03
0.04
0.03
0.31
0.17
0.22
0.03
0.02
0.08
0.03
0.04
0.03
0.03
0.03
0.04
0.03
0.04
0.12
0.04
0.04
0.07
0.04
0.03
0.02
0.08
0.04
0.04
0.04
0.04
0.14
0.08
0.05
0.09
0.04
0.04
0.04
0.03
0.03
0.14
0.09
0.04
0.31
0.04
0.04
0.17
0.17
0.04
0.19
0.07
0.14
0.03
0.03
0.03
0.14
0.17
0.03
0.18
0.35
0.04
0.03
0.04
0.04
0.09
0.04
0.04
0.04
0.21
0.04
0.04
0.04
0.04
0.04
0.03
0.12
0.20
0.18
0.04
0.22
0.03
0.03
0.03
0.03
0.03
0.04
0.03
0.04
0.04
0.08
0.04
0.12
0.43
0.04
0.03
0.12
0.09
0.04
0.03
0.04
0.03
0.08
0.04
0.24
0.04
0.04
0.04
0.03
0.12
0.03
0.03
0.04
0.03
0.03
0.12
0.04
0.13
0.03
0.03
0.03
0.08
0.03
0.08
0.03
0.29
0.04
0.16
0.03
0.04
0.03
0.04
0.09
0.03
0.03
0.04
0.04
0.08
0.11
0.03
0.12
0.17
0.09
0.04
0.04
0.03
0.04
0.08
0.03
0.05
0.04
0.04
0.30
0.05
0.03
0.04
0.04
0.05
0.45
0.09
0.16
0.14
0.03
0.08
0.04
0.08
0.14
0.06
0.08
0.03
0.17
0.03
0.04
0.04
0.42
0.05
0.04
0.12
0.03
0.26
0.03
0.04
0.04
0.21
0.04
0.04
0.12
0.12
0.08
0.08
0.09
0.08
0.04
0.08
0.33
0.05
0.03
0.04
0.09
0.04
0.04
0.08
0.05
0.04
0.17
0.08
0.04
0.08
0.13
0.17
0.03
0.08
0.03
0.09
0.12
0.08
0.08
0.28
0.17
0.03
0.04
0.17
0.04
0.03
0.13
0.12
0.03
0.04
0.08
0.09
0.17
0.04
0.04
0.02
0.04
0.20
0.03
0.08
0.04
0.03
0.06
0.04
0.03
0.03
0.04
0.42
0.03
0.04
0.03
0.83
0.04
0.12
0.03
0.29
0.04
0.04
0.03
0.03
0.09
0.04
0.16
0.03
0.04
0.08
0.03
0.08
0.09
0.12
0.12
0.08
0.03
0.09
0.03
0.08
0.03
0.05
0.03
0.79
0.03
0.16
0.29
0.09
0.03
0.30
0.05
0.03
0.04
0.03
0.04
0.09
0.03
0.03
0.03
0.13
0.03
0.04
0.04
0.04
0.13
0.08
0.09
0.03
0.13
0.03
0.03
0.02
0.14
0.08
0.04
0.17
0.59
0.04
0.42
0.03
0.12
0.03
0.03
0.04
0.12
0.08
0.05
0.13
0.03
0.03
0.32
0.04
0.04
0.03
0.03
0.03
0.04
0.12
0.18
0.17
0.18
0.08
0.12
0.03
0.04
0.05
0.04
0.08
0.12
0.08
0.04
0.12
0.08
0.09
0.03
0.04
0.04
0.04
0.16
0.12
0.04
0.03
0.03
0.03
0.56
0.08
0.09
0.08
0.03
0.11
0.04
0.13
0.31
0.03
0.04
0.04
0.05
0.14
0.08
0.14
0.42
0.08
0.04
0.28
0.04
0.28
0.05
0.08
0.08
0.03
0.21
0.04
0.04
0.10
0.08
0.17
0.08
0.21
0.03
0.12
0.04
0.03
0.03
0.04
0.22
0.18
0.09
0.24
0.04
0.04
0.09
0.04
0.09
0.08
0.38
0.09
0.18
0.07
0.11
0.04
0.04
0.04
0.04
0.03
0.04
0.03
0.04
0.03
0.03
0.09
0.18
0.13
0.17
0.24
0.13
0.04
0.03
0.04
0.03
0.04
0.17
0.12
0.08
0.17
0.08
0.04
0.03
0.03
0.33
0.04
0.08
0.05
0.04
0.04
0.14
0.04
0.13
0.04
0.03
0.04
0.03
0.03
0.03
0.04
0.03
0.04
0.57
0.26
0.28
0.04
0.03
0.03
0.04
0.08
0.18
0.09
0.04
0.03
0.13
0.03
0.03
0.03
0.13
0.08
0.04
0.04
0.04
0.03
0.04
0.12
0.04
0.04
0.04
0.03
0.23
0.04
0.09
0.04
0.08
0.04
0.17
0.22
0.13
0.08
0.08
0.03
0.08
0.04
0.04
0.08
0.03
0.04
0.09
0.34
0.04
0.03
0.09
0.02
0.16
0.04
0.05
0.05
0.37
0.11
0.03
0.14
0.04
0.04
0.03
0.04
0.08
0.12
0.13
0.03
0.04
0.03
0.04
0.04
0.17
0.03
0.04
0.09
0.04
0.09
0.38
0.23
0.12
0.02
0.03
0.04
0.04
0.87
0.08
0.03
0.16
0.04
0.11
0.08
0.04
0.02
0.17
0.09
0.09
0.08
0.03
0.04
0.03
0.04
0.22
0.03
0.15
0.03
0.04
0.05
0.04
0.16
0.03
0.08
0.04
0.04
0.03
0.03
0.03
0.04
0.08
0.03
0.28
0.13
0.03
0.48
0.09
0.04
0.04
0.04
0.03
0.12
0.03
0.03
0.38
0.03
0.12
0.03
0.04
0.08
0.12
0.13
0.09
0.04
0.18
0.21
0.04
0.03
0.13
0.34
0.12
0.04
0.04
0.03
0.04
0.30
0.08
0.13
0.08
0.03
0.04
0.03
0.61
0.03
0.08
0.04
0.03
0.04
0.61
0.30
0.04
0.04
0.03
0.09
0.09
0.04
0.04
0.08
0.12
0.10
0.04
0.08
0.12
0.02
0.09
0.30
0.03
0.03
0.12
0.04
0.08
0.03
0.68
0.09
0.14
0.07
0.12
0.04
0.11
0.12
0.12
0.22
0.04
0.04
0.03
0.03
0.03
0.26
0.04
0.09
0.04
0.02
0.08
0.26
0.08
0.03
0.04
0.08
0.03
0.12
0.12
0.05
0.03
0.08
0.03
0.09
0.12
0.03
0.04
0.14
0.12
0.49
0.31
0.03
0.04
0.08
0.16
0.04
0.03
0.04
0.08
0.04
0.08
0.04
0.09
0.03
0.09
0.03
0.04
0.08
0.14
0.30
0.08
0.14
0.12
0.50
0.03
0.20
0.29
0.03
0.03
0.03
0.29
0.04
0.03
0.12
0.14
0.12
0.29
0.03
0.44
0.03
0.04
0.05
0.27
0.05
0.04
0.03
0.40
0.04
0.19
0.08
0.03
0.16
0.08
0.03
0.12
0.04
0.02
0.12
0.03
0.03
0.03
0.05
0.08
0.03
0.04
0.04
0.04
0.08
0.03
0.13
0.04
0.08
0.12
0.24
0.03
0.04
0.08
0.03
0.08
0.04
0.14
0.08
0.51
0.03
0.04
0.04
0.03
0.04
0.03
0.04
0.13
0.03
0.03
0.08
0.13
0.12
0.17
0.04
0.08
0.08
0.08
0.03
0.13
0.03
